ID	Height
0	10
1	6
2	6
3	6
4	6
5	12
6	12
7	6
8	6
9	6
10	3.5
11	3.5
12	8.4
13	8.4
14	8.4
15	8.4
16	7.5
17	3
18	6
19	9
20	20
21	27.5
22	8
23	6
24	6
25	6
26	6
27	6
28	6
29	6
30	6
31	6
32	6
33	7.5
34	7.5
35	10
36	10
37	4.5
38	10
39	12.5
40	12.5
41	12.5
42	6.4
43	17.5
44	5
45	5
46	14
47	9
48	14
49	16
50	12.4
51	4
52	8
53	6
54	6
55	12
56	2.8
57	6
58	11.2
59	11.2
60	3
61	11.2
62	11.2
63	12.8
64	12.8
65	9.6
66	9.6
67	9.6
68	9.6
69	6.4
70	12.8
71	12.8
72	12.8
73	12.8
74	9.6
75	9.6
76	14
77	12
78	16
79	8
80	3.2
81	14
82	3.2
83	9.6
84	6.4
85	9
86	6
87	9.6
88	3.6
89	3.6
90	12.8
91	12.8
92	9.6
93	9.6
94	12.8
95	9.6
96	9.6
97	16
98	19.2
99	12.8
100	3.2
101	6.4
102	3.2
103	24.5
104	6.4
105	3.2
106	3.2
107	3.2
108	3.2
109	9.6
110	9.6
111	12.8
112	6.4
113	9.6
114	9.6
115	6.4
116	3.2
117	9.6
118	9.6
119	3.2
120	3.2
121	3.2
122	3.2
123	3.2
124	10.5
125	6.4
126	10.5
127	9.6
128	14
129	7
130	9.6
131	7
132	3.2
133	5
134	6.4
135	3.2
136	7
137	14.4
138	14
139	7.2
140	7.2
141	7.2
142	7.2
143	7.2
144	7.2
145	7.2
146	7.2
147	7.2
148	7.2
149	7.2
150	7.2
151	7.2
152	10.5
153	3.5
154	3.5
155	3.5
156	3.5
157	3.5
158	3.5
159	3.5
160	3.5
161	3.5
162	3.5
163	3.5
164	3.5
165	3.5
166	3.5
167	3.5
168	3.5
169	3.5
170	3.5
171	3.5
172	3.5
173	3.5
174	3.5
175	3.5
176	3.5
177	3.5
178	3.5
179	3.5
180	3.5
181	3.5
182	3.5
183	3.5
184	3.5
185	3.5
186	3.5
187	3.5
188	3.5
189	3.5
190	3.5
191	3.5
192	3.5
193	3.5
194	3.5
195	3.5
196	3.5
197	3.5
198	3.5
199	3.5
200	3.5
201	3.5
202	3.5
203	3.5
204	3.5
205	3.5
206	3.5
207	3.5
208	3.5
209	3.5
210	3.5
211	3.5
212	3.5
213	3.5
214	3.5
215	3.5
216	3.5
217	3.5
218	3.5
219	3.5
220	3.5
221	3.5
222	3.5
223	3.5
224	3.5
225	3.5
226	3.5
227	3.5
228	3.5
229	3.6
230	3.6
231	3.6
232	3.6
233	3.6
234	3.6
235	3.6
236	3.6
237	3.6
238	3.6
239	3.6
240	3.6
241	3.6
242	3.6
243	3.6
244	3.6
245	3.6
246	3.6
247	3.6
248	3.6
249	3.6
250	3.6
251	3.6
252	3.6
253	3.6
254	3.6
255	3.6
256	3.6
257	3.6
258	3.6
259	3.6
260	3.6
261	3.6
262	3.6
263	3.6
264	3.6
265	3.6
266	3.6
267	3.6
268	3.6
269	3.6
270	3.5
271	7
272	6
273	3.6
274	7
275	15
276	20
277	9
278	9
279	24.5
280	24.5
281	24.5
282	24.5
283	24.5
284	24.5
285	24.5
286	24.5
287	24.5
288	24.5
289	24.5
290	24.5
291	24.5
292	24.5
293	52.5
294	52.5
295	52.5
296	52.5
297	42
298	42
299	42
300	42
301	42
302	42
303	24.5
304	24.5
305	24.5
306	21
307	21
308	21
309	17.5
310	17.5
311	17.5
312	21
313	21
314	17.5
315	4
316	4
317	7
318	14
319	21
320	17.5
321	15
322	21
323	27
324	36.4
325	8.4
326	36.4
327	8.4
328	30
329	18
330	36
331	78
332	78
333	78
334	78
335	18
336	9
337	21
338	18
339	36.4
340	27
341	9
342	27
343	51
344	51
345	36
346	9
347	21
348	7
349	10.5
350	17.5
351	17.5
352	17.5
353	17.5
354	17.5
355	17.5
356	17.5
357	7
358	7
359	17.5
360	17.5
361	17.5
362	17.5
363	17.5
364	17.5
365	17.5
366	17.5
367	17.5
368	17.5
369	17.5
370	17.5
371	17.5
372	3.3
373	3.3
374	3.3
375	3.3
376	3.3
377	3.3
378	3.3
379	3.3
380	3.3
381	3.3
382	3.3
383	3.3
384	3.3
385	3.3
386	3.3
387	3.3
388	3
389	3
390	3.3
391	3.3
392	3.3
393	3.3
394	3.3
395	3.3
396	3.3
397	3.3
398	3.3
399	3.3
400	3.3
401	3.3
402	3.3
403	3.3
404	3.3
405	21
406	3
407	17.5
408	17.5
409	17.5
410	17.5
411	17.5
412	17.5
413	21
414	64.8
415	68.4
416	68.4
417	68.4
418	68.4
419	68.4
420	72
421	68.4
422	64.8
423	72
424	32.4
425	21.6
426	4
427	21
428	17.5
429	21
430	17.5
431	21
432	14
433	17.5
434	17.5
435	17.5
436	17.5
437	21
438	21
439	21
440	21
441	17.5
442	17.5
443	17.5
444	17.5
445	17.5
446	59.5
447	59.5
448	17.5
449	17.5
450	17.5
451	17.5
452	17.5
453	17.5
454	17.5
455	17.5
456	17.5
457	17.5
458	17.5
459	17.5
460	17.5
461	17.5
462	17.5
463	17.5
464	17.5
465	17.5
466	17.5
467	17.5
468	17.5
469	17.5
470	17.5
471	17.5
472	17.5
473	17.5
474	17.5
475	17.5
476	17.5
477	17.5
478	17.5
479	17.5
480	17.5
481	17.5
482	17.5
483	17.5
484	17.5
485	4.5
486	4.5
487	8
488	17.5
489	21
490	21
491	21
492	21
493	21
494	14
495	14
496	12
497	6
498	6
499	9
500	18
501	18
502	18
503	18
504	18
505	21
506	3.5
507	3
508	3
509	3.5
510	18
511	18
512	18
513	18
514	18
515	18
516	18
517	18
518	18
519	18
520	18
521	18
522	18
523	18
524	18
525	18
526	4
527	21
528	24.5
529	24.5
530	24.5
531	24.5
532	24.5
533	24.5
534	24.5
535	24.5
536	31.5
537	29.7
538	24.5
539	24.5
540	24.5
541	7
542	24.5
543	14
544	17.5
545	14
546	14
547	10.5
548	17.5
549	13.2
550	7
551	15
552	14
553	10.5
554	7
555	3.5
556	3
557	10.5
558	36
559	24
560	28
561	42
562	18
563	18
564	24
565	17.5
566	17.5
567	16
568	16
569	20
570	14
571	35
572	44
573	44
574	44
575	20
576	12
577	12
578	20
579	16
580	16.8
581	12
582	16.8
583	7
584	6
585	9
586	20
587	14
588	20
589	17.5
590	28
591	20
592	42
593	7
594	18
595	9
596	9
597	6
598	6
599	6
600	6
601	6
602	9
603	6
604	6
605	6
606	6
607	6
608	6
609	6
610	6
611	6
612	6
613	6
614	6
615	6
616	6
617	6